1 0.000007
2 0.000007
3 0.000008
4 0.000007
6 0.000007
9 0.000008
13 0.000008
19 0.000007
28 0.000008
42 0.000009
63 0.000010
94 0.000011
141 0.000013
211 0.000016
316 0.000022
474 0.000027
711 0.000042
1066 0.000017
1599 0.000027
2398 0.000035
3597 0.000137
5395 0.000121
8092 0.000128
12138 0.000211
18207 0.000358
27310 0.000595
40965 0.000809
61447 0.001207
92170 0.002123
138255 0.003575
207382 0.006722
311073 0.010208
466609 0.017416
699913 0.029850
1049869 0.041253
1574803 0.068705
2362204 0.097710
3543306 0.159454
