0.500000 0.038442
0.510000 0.039629
0.520000 0.041522
0.530000 0.041212
0.540000 0.038446
0.550000 0.038065
0.560000 0.038361
0.570000 0.039410
0.580000 0.036961
0.590000 0.036532
0.600000 0.044519
0.610000 0.044889
0.620000 0.038699
0.630000 0.037268
0.640000 0.036231
0.650000 0.038580
0.660000 0.038849
0.670000 0.039122
0.680000 0.042518
0.690000 0.037737
0.700000 0.037833
0.710000 0.038764
0.720000 0.038916
0.730000 0.038067
0.740000 0.036875
0.750000 0.044551
0.760000 0.039700
0.770000 0.039087
0.780000 0.040008
0.790000 0.039642
0.800000 0.038011
