1 0.000006
2 0.000007
3 0.000007
4 0.000008
6 0.000008
9 0.000007
13 0.000008
19 0.000008
28 0.000009
42 0.000011
63 0.000009
94 0.000010
141 0.000012
211 0.000014
316 0.000019
474 0.000024
711 0.000037
1066 0.000049
1599 0.000082
2398 0.000109
3597 0.000176
5395 0.000287
8092 0.000393
12138 0.000662
18207 0.001051
27310 0.001574
40965 0.003869
61447 0.003802
92170 0.006660
138255 0.009887
207382 0.014421
311073 0.023547
466609 0.038953
699913 0.061335
1049869 0.084699
1574803 0.141567
2362204 0.230763
3543306 0.393840
