0.500000 0.036823
0.510000 0.040344
0.520000 0.039145
0.530000 0.038021
0.540000 0.040143
0.550000 0.036707
0.560000 0.039826
0.570000 0.040903
0.580000 0.041206
0.590000 0.044432
0.600000 0.038426
0.610000 0.041395
0.620000 0.037040
0.630000 0.040046
0.640000 0.040601
0.650000 0.042585
0.660000 0.038633
0.670000 0.045285
0.680000 0.039618
0.690000 0.038889
0.700000 0.038505
0.710000 0.040727
0.720000 0.045289
0.730000 0.039070
0.740000 0.037843
0.750000 0.038305
0.760000 0.038180
0.770000 0.039491
0.780000 0.038964
0.790000 0.037100
0.800000 0.038110
