0.500000 0.018481
0.510000 0.018415
0.520000 0.018628
0.530000 0.018471
0.540000 0.018419
0.550000 0.018411
0.560000 0.018384
0.570000 0.018432
0.580000 0.018498
0.590000 0.018406
0.600000 0.018458
0.610000 0.018574
0.620000 0.018650
0.630000 0.018617
0.640000 0.018450
0.650000 0.018443
0.660000 0.018387
0.670000 0.018653
0.680000 0.018513
0.690000 0.018421
0.700000 0.018439
0.710000 0.018489
0.720000 0.018612
0.730000 0.018769
0.740000 0.018501
0.750000 0.018482
0.760000 0.018548
0.770000 0.018659
0.780000 0.018538
0.790000 0.018531
0.800000 0.018524
