1 0.000007
2 0.000008
3 0.000007
4 0.000007
6 0.000007
9 0.000007
13 0.000007
19 0.000008
28 0.000008
42 0.000009
63 0.000010
94 0.000012
141 0.000014
211 0.000018
316 0.000020
474 0.000027
711 0.000043
1066 0.000055
1599 0.000093
2398 0.000126
3597 0.000187
5395 0.000304
8092 0.000415
12138 0.000724
18207 0.000925
27310 0.001461
40965 0.002340
61447 0.003384
92170 0.005814
138255 0.008711
207382 0.014951
311073 0.022212
466609 0.040519
699913 0.060299
1049869 0.087894
1574803 0.137566
2362204 0.206250
3543306 0.347610
